558

6,6, 6. 6,6, 6, 3,6. 14,6,6 4
32, 6. 33, 6,4, 34, 5. Π22, 6.
32, 6. III 1,4. 5, 1. 41. 68 6
71,..,6Η316.
R51iaanaurbsAfr555
Romanae litterae fr p. 200, 66
Β6666666181.17641866
23,.,.,.’,.’626643444646’,4.
5.1110,.415,.515,5.15,5.
24,6.,6.311Π2,.63,43.6

18,6,6.13,624,6,4,117,4.
19,6.24,6. 30,6.34,6132,6.
34,6,6. 38,6. 5'5,1. 114,6. 8,6.
10,4,6,36,6.42,6.1Π14,6,6,6.
19,6. 20,61616), 6,6. 26,6,4,6.
29, 5. 55, 6. 37, 6, 5. 38,53 5.
44,4. 47,6. 48,6,6,4. 66,6, 5.
51,5. 63,6. 64,6. 66,6,6. 63, 5.
51,1. 76,6. 77,6ο,ι6. 78,4, 84, 5.
86, 6. 6. 89,6. 1Π11,6.3, 6.
7,.614,.616,,,.64616,.417,6,
11162116 26,6,6.30,633,6.
42,6.46,.647,6,,6ΑΙ,,236.
26,6. fr. p. 145, 66. Ρωμαιοι fr.
16200, 66, 201, 153 503 45. 202, 5.
Romani, 61666111Π3μ6 17, 5.
38,.642,6,1Π124,6.01304,
Π 18,4. 20, 5. 21,6, 5. Π14,6.
33η6η6η6η6
102,6,6. Α141,6. 43,6. 70,6-6.
Afr. 55, 4. 90, 6. 37,6. Η.17,6 5.
42,4,16,ρ.182,46. 183,’46. 186,

6, 66. ,

INDEX NOMINUM.

0116), 51115, 5(=Gallo- l
nius). 45. 22 ,5(== Cn Pom·
peius 2.) 44 ,=1( ’11616161
64 ,·-61 1166161666). 68,4
111 ) 45.(==P Atrius 54 Minucius
ginns). H.11,5 (ε 5555-
danius). 55 ,4(= =P0mp5ius

Ni 66).
1166616666666666116661111346.
Romanus ,pontifex 16. p 188, 61.
Romanus ,populusG. 13, 4 6, 5

8510511515515545

14,43 6. 18, 6. 19, 6. 30,6(06’6).

31,6 1116), 64,66. 33,6,6 34, 4.

55,5(545);4(45). 36,6,61166”6),6.

405, 5. 42,.6 43,.446,61166“6),6

1016), 5315. 45,1-5 1'11,15

3,6,.613,614,6.16,6.31,6.

32,6. 34,ΙΠ23,6.117,6.10,,6
4,.617,.621,6,,622,1.13,.6

22,4, 614611. 28,4.41,6,.7

64,4,.’,’.611147,6.1Π’,16

11,6.38,.6311,3.1’Π11,21,6.

44,6. clm 9,5·5. 22,6. 31,6

IH11,4. 12, 6. 107, 5. 108,6.

110,6. 4455. 24,6. 38,6. 34,6

(45). 36,6. 66,4. 67, 5. 63, 6.

78,6. 4544. 54,4.55,5.55,1.

505.51,5.55,1.H.5,545,5-4.

fr.p.141, 15. 181, 46. 132, 46.

133,6.194·,64166’6).196,66,66,

66, 66. 197, 66. 133, 66.
Roinanus, 66666166 populusque

Romani ,.equilesGIH105 VH 0.,,136 6116.,,.,)20066 201,26,

50,.15'1,.,..,.,;5555431155551
5445 Π171,6 41455

55,.'4544„.',55544555.55,5

lllilini 166616166 GVH 20, 6.
Romanum' 661666661616146, 15.
Rpgnpnusll. 51‚5 1Π123,6,

46, 46. 202,3

5. 11666166 (Fabatus), 4494545
0545544'5GV,3245 5. 63,6. 0.
13, 5 8,4. 10, 6.

Roucillus, 6111616066166166 Ep 4
011166, 6. 73, 6.
10111668666666166 ,Pompeiam

55 2

1166166666, 616160. Π19,,6 6116. 11661666.4166661666, 0661166611666·

Mstpfflm

cius, Minucius ,Pompeiui, 5111-

1161166666, eques (1.127, 6 (= pieius, Tullius, Vibullius.
Arpineius). 1140 ,4(= Tre- Ruspina, oppidulaAfricae pro-
boniusl 1..) 511514==Fuflus p54‘55 (44 445454455444) Afr.6,5.

 

