11111111 romaum

-hlh'r, 3311311881 4544.
411’14,4.54,.1-0onsue-
aeoafstlvw V14,1. (1.1
·41,1.- linga 3831414.-
mos, mores Ι18,.3 143,1
vll48,.-4 muriVH23,1.—
ι’1·13133Π111,.3 14,.3 (1,1Π
88,3 (3333311333- ostentatio
GVH53,4.-—res,pl.VI'4',.4
- tumultus inp ,181, 44.
Gallograeci Al. 18, 3
Gallograecia: Galatia, rapio

13333311133311.1114331.Χ

81,1(333).18,1.
(1. Gallonius, eqaes 1333333333,
familiaris 1)(33331331111333333333
3.1113,3(313).33,3·,3(313),
Gallus 3. Trebius 31 Tuticanus.
Ganymedes 3333311333, 3331333333
4444444541.4,1; 3. 5, 3. 18, 4.
„44 4. 33, 3.
Garumna 11333333, qaod Gallos
ab 4133333333 3133313333-
33334 G. 11, 3· 3, 3.
Garumni, 9444 ’11333133333331
(1333333331331333333313338111
81 1.
(1Ξ3ξ3Π933334133313333333.(13333
81, 1.
(1311311331, 93333 Galliae Belai-
eae, 31333133 Neruioram GV
38,1.
Genava, oppidum 411ῐοῦ139333,
4.444ave,.,.44444145 414
33131313 (3333311313113ε11333
3. 113333, oppidum Hispaniae
Baeticam. 03333311. p. 188, 3·
14, 13, 33, 33, 33, 33, 33, 44.
189, 48. 190, 8, 11, 16, 80, 81,
“ 33, 33, 45. 181,14,13,31,33.
1333.13331343333333,
13, 34, 33, 33,33,33. 183,3,, 3·
3, 34, 33, 43. 181,13,13, 33,
34, 33, 33, 33,41. 188,,3 3, 33,
33,,3133,44.1883,3,3,3.
uoloni (1331133111 Iulienses 13.
,113313 198, 44.

m.

(1313133114,13331131311131331,11
0131333313 (11Π15,4.18, 1.
Gergovia, oppidamdraeraortia,
aGerpoie prope 3333334114
Clamant GV 4, 4. 44,4.
861 31,1. 48 ,1,3. 40,3.
41,1. 441. 445. 45,4 54,4.
(1. Π113, 4.
(1311333111Ἶ113,.48,.381,4.
88,.4 31,,413,11(333)34,13. .
33, 3, 3. 86, 3. 34,1. 40,1.
48, 3. 44, 4. 41,3,4 48,3.
48,1. 50,4; 5. 51,4. 54, 4.
Π1,3. 3,4. 4,3,13.ΠΙ1,1.
11,3. IV1,1;4. 4,4. 4, 3.
43, 3. 6,3, 4, 5. 1,1,3(33’3).
13, 4. 14,1. 15,1. 18,1,4, 3.
19,4. V44,a. 48,4. 33,1,3,3.
41, 3. 55, 4. V12,1;4. 5, 4.
1, 3, 4. 8,1;4. 8,3. 18,1.
41,1. 84, 1, 4. 88, 1. 88,1 (33321.
35, 4, ro. 41,1,3. 48, 3. V
63, 3. 63,3. 81,3. 10,3, 4, 3.
80, 4. VIII 4, 4. 10, 3, 4, 3.
13,3. 81,1. 85, 4. 36,4,3.
431, 3133311144. 33, 4.
111348, 3, 3.
Germani Gsrhenani 4414, 4.
Germani Transrhenani 444
Transrhenani (33331.) G. (Π
331). 14145444. Vl5,5.
Germani equites GVI87, 1.
VII13, 1. 4444, 4. Afr.
19, 3, 4.
Germani Labieniani Α13.88,1,
Germani pedites GVIH 88,.3
Germaniap G.IV4,1 V18,o.
VI11,1.44,4.45,431,.5
41145,4VI'1145,2.4.14}4.
11181, 1.
Germanicum bellum G 11118, 1.
Gobannitio Araaraaa, 33113133
3733333931 eripis G. Vll 4, 4.
Gomphenses 011181, 4.
Gomphensis civitas G.,fflssl 1.

Gomphi,oppr 33433 Taenariae, ,

33. 8133333333 fflG 111 80, 1.

 

