242 INDEX NOMINUM.

01611111 96116 Africae 111161.
31,1,[1].36,1,1,6.66,1,1.
66, 6. 61, 1, 6, 5. 61,1. 61,1.
93, 1' 2·

01111116. Sulpicius.

G6lba, rex Suessionum G. Π
4,1.13,1.

Galli 6) incolae Galliae G.I
1,1;1,1, 5. 11,6. 11,1. 66, 6.
31,6,11,11.33,1. 39,1,40,1
(616). 41,1. 41, 5. 41161016).
111,6.1,1.4,1.6,1.11,6.
11,1. 24,4. 30,1. Π11,6.1,1,1,
8,1.10,6.14,1.11,6,19,6.
18,1. Ι11,1. 6,1. 13,1. 16, 6.
10,1.16,.114,.111,1,6(011).
46,4.49,1.60,163,6;6.64,1.
66,1.117,1.8,.116,1.18,1.

19,,,’,11416.30,.134,.11Π

10, 1. 19, 4. 13,1. 6,1,1(61“1).
6, 6, 1, 60111), 6. ³,1. 11,1,1.
13,1(1)1’6),1. 20,1. 211. 241ςθ.

26, 5. 26, 1, 6. 41, 6. 63, 6;4.

64,1,1. 66,1,1. 66, 4. 56, 6.
111, 1, 6. 3, 4. 6, 1,1. 11, 1,
1,6. 11,1,1. 13,1,11,11.19,4.
31, 6. 44,1. VH 1,1; 1, 61016).
1111616111
16,1. 19, 6. 31, 4. 64, 1. 31,6
(bis). 43,5. 661, 61,1,6 63,6.
ffiffi6st6w6wnn
14316. VIIIprooem.6. 1,1. 661.
1413011016).31,1,6,391,
46,1, 1, 6. 48,11. 49,6· 6. 61,1.
60.166.1,110,1.13,6.
19,1,.139,148,1,.611Π1,1,
111'266. 41,.,.,.,6691196871,
Α11,10,1.,.16116,1ο6,1,

1,'.,'.'616613,6.','.,.154176 0111116,’.Ρ,11111111οΙ110.
19,1,10,111,1.16,1,.619,.6 0111116 partes

30,1,,140,.146,.646,.6 61,1.

69169610613,1.16,1.
80,,.1181,,11. 81,1. 83,1.
86,1,6.88,6.11111,1.1,1.
6,1. 6,1. 9,1. 10,1. 11,6. 14,1.
16, 6. 13, 6, 39, 6. 0.ΠΙ 4, 4.
411161611-
01111160.Π118,1. 146,1. 48,1.
49,1, 61,1. 1Π16,1. b)= Ga·
6666666096660666666166-

p6c.ffl4„6
Galli equites Caesaris G. I 13, 1.

41,.(1,.6148101611.

0,01611,)1160.111,1.
0.61161161οΙ14,1.64,.
Π1,.1 1,1.11,6.1,1.
1.ΙΠ11,6.64,1.0’.Π111’,1
161661161 provincia G. 110, 6.
916111611οψ116
0916111101111416111.
G.prgovinciaG.Il9,.6 28,1.
36,.,.1441 63,,1111201.
0,Ι39,1.
provinciaGwIVm 8,,11.
10,1,,.16 14,1. 161. .
33,.4 III2,5. 6.,6 9,1.

Π40,.11Π11,.6111.7,6111. ² 1111,1.6,1.1,1,166,1.

6619113414006)
Galli Labieniani 1111, 1.

Gallia (omnis, 1611610611)

0.,,1116.1,1. 3,6,,,1161.
1161101130116(616)1
31,,,661;,,.,,.1111163311

346136131143144,1,

66,.1 69,.1 64,’,’.11 06,1, 1.
66,1,1. 1111301. 91,1.
46,6,6. 1ΙΠ64,1. 61666
provincia 1166111. 0. Ι 1, 6.
6,1.1,1. 1119, 4.

0116116119 in6G.VII1 ,.16,1.
0.1116611610.,111,.110,1.

6,6(01’1),1,1,11,11,,461,63’Π1,.10.Ι33,1.

(bis). 46, 4. 63, 1. III ,1(01’6),

provinoi6 ulterior G. I 10, 6.

1-1. 3,1. 4,,16. 36,1. ΗΙ1,1 Gallicus, 6, um: 1601061101

ἷζε). 11111,,110,.113,1.
6631116161191

11,6196113111111111
66qu6'msigni6122,6. -1161-

 

